/*
  ########################################################################################################

  BMGE: Block Mapping and Gathering with Entropy
    
  Copyright (C) 2010-2024  Institut Pasteur
  
  This file is part of BMGE.

  BMGE is  free software:  you can  redistribute it  and/or modify it under  the terms of the  GNU General 
  Public License as  published by the  Free Software Foundation,  either version 3 of the License,  or (at 
  your option) any later version.

  BMGE is  distributed in  the hope  that it will  be useful,  but WITHOUT ANY WARRANTY;  without even the 
  implied warranty  of MERCHANTABILITY or  FITNESS FOR A  PARTICULAR PURPOSE.  See the GNU  General Public 
  License for more details.

  You should have received a copy of the  GNU General Public License along with this program.  If not, see
  <http://www.gnu.org/licenses/>.
  
  Contact:
   Alexis Criscuolo                                                            alexis.criscuolo@pasteur.fr
   Genome Informatics & Phylogenetics (GIPhy)                                             giphy.pasteur.fr
   Bioinformatics and Biostatistics Hub                                 research.pasteur.fr/team/hub-giphy
   Institut Pasteur, Paris, FRANCE           research.pasteur.fr/team/bioinformatics-and-biostatistics-hub

   Simonetta Gribaldo                                                        simonetta.gribaldo@pasteur.fr
   Evolutionary Biology of the Microbial Cell                         https://research.pasteur.fr/en/b/6jQ
   Institut Pasteur, Paris, FRANCE                                             https://research.pasteur.fr

  ########################################################################################################
*/

package bmge;

/*
  NOTE:
  All matrices BL30-BL100 (target frequency matrices qij) were available at: 
  http://blocks.fhcrc.org/blocks/uploads/blosum/  (last access: 2010)

  All related data are also available at:
  https://ftp.ncbi.nih.gov/repository/blocks/unix/blosum/ (last access: 2022)
*/


public class Model {
    // BLOSUM residue order: A R N D C Q E G H I L K M F P S T W Y V
    private static final double[][] BL30 = {{0.0096,0.0038,0.0031,0.0043,0.0014,0.0031,0.0044,0.0052,0.0016,0.0040,0.0056,0.0044,0.0018,0.0027,0.0028,0.0056,0.0040,0.0005,0.0014,0.0056},{0.0038,0.0109,0.0019,0.0026,0.0011,0.0031,0.0031,0.0032,0.0014,0.0022,0.0039,0.0043,0.0012,0.0023,0.0021,0.0035,0.0019,0.0007,0.0022,0.0031},{0.0031,0.0019,0.0055,0.0027,0.0010,0.0014,0.0024,0.0032,0.0011,0.0024,0.0032,0.0027,0.0009,0.0017,0.0012,0.0028,0.0024,0.0002,0.0008,0.0022},{0.0043,0.0026,0.0027,0.0095,0.0010,0.0018,0.0037,0.0035,0.0011,0.0018,0.0043,0.0032,0.0008,0.0011,0.0021,0.0034,0.0024,0.0004,0.0015,0.0027},{0.0014,0.0011,0.0010,0.0010,0.0070,0.0007,0.0018,0.0011,0.0004,0.0012,0.0023,0.0010,0.0004,0.0008,0.0007,0.0013,0.0009,0.0003,0.0004,0.0012},{0.0031,0.0031,0.0014,0.0018,0.0007,0.0039,0.0028,0.0020,0.0010,0.0016,0.0027,0.0021,0.0007,0.0010,0.0015,0.0021,0.0016,0.0004,0.0011,0.0015},{0.0044,0.0031,0.0024,0.0037,0.0018,0.0028,0.0094,0.0035,0.0018,0.0023,0.0051,0.0053,0.0012,0.0016,0.0030,0.0038,0.0023,0.0007,0.0016,0.0026},{0.0052,0.0032,0.0032,0.0035,0.0011,0.0020,0.0035,0.0173,0.0015,0.0036,0.0051,0.0039,0.0013,0.0022,0.0030,0.0051,0.0028,0.0011,0.0016,0.0033},{0.0016,0.0014,0.0011,0.0011,0.0004,0.0010,0.0018,0.0015,0.0060,0.0012,0.0022,0.0013,0.0008,0.0008,0.0014,0.0017,0.0010,0.0002,0.0010,0.0012},{0.0040,0.0022,0.0024,0.0018,0.0012,0.0016,0.0023,0.0036,0.0012,0.0072,0.0066,0.0026,0.0014,0.0027,0.0017,0.0033,0.0027,0.0005,0.0018,0.0063},{0.0056,0.0039,0.0032,0.0043,0.0023,0.0027,0.0051,0.0051,0.0022,0.0066,0.0139,0.0044,0.0027,0.0055,0.0027,0.0047,0.0046,0.0009,0.0045,0.0074},{0.0044,0.0043,0.0027,0.0032,0.0010,0.0021,0.0053,0.0039,0.0013,0.0026,0.0044,0.0063,0.0017,0.0023,0.0029,0.0042,0.0025,0.0006,0.0017,0.0030},{0.0018,0.0012,0.0009,0.0008,0.0004,0.0007,0.0012,0.0013,0.0008,0.0014,0.0027,0.0017,0.0012,0.0008,0.0005,0.0010,0.0010,0.0002,0.0007,0.0015},{0.0027,0.0023,0.0017,0.0011,0.0008,0.0010,0.0016,0.0022,0.0008,0.0027,0.0055,0.0023,0.0008,0.0077,0.0011,0.0027,0.0016,0.0007,0.0024,0.0032},{0.0028,0.0021,0.0012,0.0021,0.0007,0.0015,0.0030,0.0030,0.0014,0.0017,0.0027,0.0029,0.0005,0.0011,0.0091,0.0024,0.0020,0.0004,0.0011,0.0017},{0.0056,0.0035,0.0028,0.0034,0.0013,0.0021,0.0038,0.0051,0.0017,0.0033,0.0047,0.0042,0.0010,0.0027,0.0024,0.0075,0.0041,0.0005,0.0017,0.0036},{0.0040,0.0019,0.0024,0.0024,0.0009,0.0016,0.0023,0.0028,0.0010,0.0027,0.0046,0.0025,0.0010,0.0016,0.0020,0.0041,0.0046,0.0003,0.0014,0.0036},{0.0005,0.0007,0.0002,0.0004,0.0003,0.0004,0.0007,0.0011,0.0002,0.0005,0.0009,0.0006,0.0002,0.0007,0.0004,0.0005,0.0003,0.0027,0.0009,0.0005},{0.0014,0.0022,0.0008,0.0015,0.0004,0.0011,0.0016,0.0016,0.0010,0.0018,0.0045,0.0017,0.0007,0.0024,0.0011,0.0017,0.0014,0.0009,0.0044,0.0024},{0.0056,0.0031,0.0022,0.0027,0.0012,0.0015,0.0026,0.0033,0.0012,0.0063,0.0074,0.0030,0.0015,0.0032,0.0017,0.0036,0.0036,0.0005,0.0024,0.0083}};
    private static final double[][] BL35 = {{0.0129,0.0033,0.0030,0.0036,0.0017,0.0026,0.0041,0.0065,0.0016,0.0037,0.0050,0.0045,0.0017,0.0024,0.0028,0.0055,0.0040,0.0007,0.0022,0.0051},{0.0033,0.0097,0.0019,0.0023,0.0009,0.0025,0.0026,0.0028,0.0012,0.0018,0.0032,0.0044,0.0011,0.0018,0.0017,0.0028,0.0019,0.0006,0.0017,0.0027},{0.0030,0.0019,0.0061,0.0031,0.0010,0.0017,0.0023,0.0040,0.0014,0.0021,0.0025,0.0027,0.0008,0.0015,0.0015,0.0026,0.0021,0.0003,0.0011,0.0018},{0.0036,0.0023,0.0031,0.0125,0.0009,0.0017,0.0044,0.0033,0.0014,0.0018,0.0032,0.0031,0.0007,0.0014,0.0022,0.0030,0.0021,0.0004,0.0013,0.0023},{0.0017,0.0009,0.0010,0.0009,0.0108,0.0005,0.0015,0.0013,0.0004,0.0009,0.0017,0.0013,0.0003,0.0007,0.0007,0.0011,0.0012,0.0002,0.0004,0.0012},{0.0026,0.0025,0.0017,0.0017,0.0005,0.0041,0.0032,0.0021,0.0009,0.0013,0.0022,0.0023,0.0007,0.0008,0.0016,0.0023,0.0016,0.0003,0.0012,0.0014},{0.0041,0.0026,0.0023,0.0044,0.0015,0.0032,0.0103,0.0032,0.0015,0.0021,0.0042,0.0048,0.0010,0.0017,0.0028,0.0035,0.0026,0.0007,0.0017,0.0028},{0.0065,0.0028,0.0040,0.0033,0.0013,0.0021,0.0032,0.0224,0.0016,0.0027,0.0041,0.0042,0.0014,0.0021,0.0029,0.0056,0.0027,0.0008,0.0021,0.0029},{0.0016,0.0012,0.0014,0.0014,0.0004,0.0009,0.0015,0.0016,0.0065,0.0010,0.0018,0.0012,0.0008,0.0007,0.0011,0.0015,0.0011,0.0002,0.0010,0.0009},{0.0037,0.0018,0.0021,0.0018,0.0009,0.0013,0.0021,0.0027,0.0010,0.0080,0.0072,0.0025,0.0016,0.0028,0.0021,0.0026,0.0025,0.0005,0.0021,0.0068},{0.0050,0.0032,0.0025,0.0032,0.0017,0.0022,0.0042,0.0041,0.0018,0.0072,0.0176,0.0038,0.0031,0.0051,0.0025,0.0039,0.0041,0.0010,0.0034,0.0073},{0.0045,0.0044,0.0027,0.0031,0.0013,0.0023,0.0048,0.0042,0.0012,0.0025,0.0038,0.0090,0.0014,0.0022,0.0029,0.0037,0.0031,0.0007,0.0018,0.0029},{0.0017,0.0011,0.0008,0.0007,0.0003,0.0007,0.0010,0.0014,0.0008,0.0016,0.0031,0.0014,0.0014,0.0009,0.0006,0.0011,0.0010,0.0003,0.0009,0.0016},{0.0024,0.0018,0.0015,0.0014,0.0007,0.0008,0.0017,0.0021,0.0007,0.0028,0.0051,0.0022,0.0009,0.0084,0.0010,0.0022,0.0018,0.0006,0.0029,0.0031},{0.0028,0.0017,0.0015,0.0022,0.0007,0.0016,0.0028,0.0029,0.0011,0.0021,0.0025,0.0029,0.0006,0.0010,0.0141,0.0021,0.0024,0.0003,0.0011,0.0020},{0.0055,0.0028,0.0026,0.0030,0.0011,0.0023,0.0035,0.0056,0.0015,0.0026,0.0039,0.0037,0.0011,0.0022,0.0021,0.0081,0.0041,0.0005,0.0017,0.0032},{0.0040,0.0019,0.0021,0.0021,0.0012,0.0016,0.0026,0.0027,0.0011,0.0025,0.0041,0.0031,0.0010,0.0018,0.0024,0.0041,0.0057,0.0005,0.0013,0.0037},{0.0007,0.0006,0.0003,0.0004,0.0002,0.0003,0.0007,0.0008,0.0002,0.0005,0.0010,0.0007,0.0003,0.0006,0.0003,0.0005,0.0005,0.0021,0.0007,0.0005},{0.0022,0.0017,0.0011,0.0013,0.0004,0.0012,0.0017,0.0021,0.0010,0.0021,0.0034,0.0018,0.0009,0.0029,0.0011,0.0017,0.0013,0.0007,0.0051,0.0022},{0.0051,0.0027,0.0018,0.0023,0.0012,0.0014,0.0028,0.0029,0.0009,0.0068,0.0073,0.0029,0.0016,0.0031,0.0020,0.0032,0.0037,0.0005,0.0022,0.0090}};
    private static final double[][] BL40 = {{0.0148,0.0029,0.0029,0.0032,0.0015,0.0026,0.0040,0.0066,0.0014,0.0037,0.0050,0.0041,0.0017,0.0022,0.0027,0.0060,0.0040,0.0007,0.0019,0.0054},{0.0029,0.0109,0.0019,0.0021,0.0007,0.0024,0.0026,0.0023,0.0012,0.0017,0.0030,0.0051,0.0010,0.0016,0.0014,0.0025,0.0019,0.0005,0.0016,0.0023},{0.0029,0.0019,0.0069,0.0031,0.0007,0.0017,0.0023,0.0035,0.0013,0.0017,0.0021,0.0027,0.0007,0.0013,0.0014,0.0030,0.0022,0.0003,0.0010,0.0017},{0.0032,0.0021,0.0031,0.0126,0.0009,0.0016,0.0048,0.0031,0.0014,0.0016,0.0027,0.0030,0.0007,0.0013,0.0019,0.0030,0.0024,0.0003,0.0011,0.0022},{0.0015,0.0007,0.0007,0.0009,0.0093,0.0004,0.0010,0.0012,0.0003,0.0008,0.0015,0.0010,0.0003,0.0008,0.0005,0.0013,0.0011,0.0001,0.0004,0.0012},{0.0026,0.0024,0.0017,0.0016,0.0004,0.0048,0.0032,0.0020,0.0010,0.0012,0.0023,0.0026,0.0007,0.0008,0.0013,0.0026,0.0015,0.0004,0.0010,0.0014},{0.0040,0.0026,0.0023,0.0048,0.0010,0.0032,0.0118,0.0028,0.0015,0.0018,0.0036,0.0045,0.0010,0.0015,0.0026,0.0034,0.0025,0.0005,0.0014,0.0025},{0.0066,0.0023,0.0035,0.0031,0.0012,0.0020,0.0028,0.0260,0.0014,0.0024,0.0034,0.0035,0.0013,0.0021,0.0028,0.0052,0.0029,0.0008,0.0017,0.0028},{0.0014,0.0012,0.0013,0.0014,0.0003,0.0010,0.0015,0.0014,0.0060,0.0009,0.0017,0.0013,0.0007,0.0009,0.0008,0.0013,0.0009,0.0002,0.0012,0.0008},{0.0037,0.0017,0.0017,0.0016,0.0008,0.0012,0.0018,0.0024,0.0009,0.0105,0.0082,0.0023,0.0018,0.0031,0.0020,0.0025,0.0028,0.0005,0.0020,0.0083},{0.0050,0.0030,0.0021,0.0027,0.0015,0.0023,0.0036,0.0034,0.0017,0.0082,0.0209,0.0037,0.0037,0.0055,0.0021,0.0034,0.0039,0.0009,0.0031,0.0082},{0.0041,0.0051,0.0027,0.0030,0.0010,0.0026,0.0045,0.0035,0.0013,0.0023,0.0037,0.0099,0.0012,0.0018,0.0023,0.0034,0.0029,0.0005,0.0017,0.0027},{0.0017,0.0010,0.0007,0.0007,0.0003,0.0007,0.0010,0.0013,0.0007,0.0018,0.0037,0.0012,0.0018,0.0011,0.0007,0.0011,0.0011,0.0002,0.0010,0.0018},{0.0022,0.0016,0.0013,0.0013,0.0008,0.0008,0.0015,0.0021,0.0009,0.0031,0.0055,0.0018,0.0011,0.0105,0.0010,0.0019,0.0019,0.0008,0.0032,0.0031},{0.0027,0.0014,0.0014,0.0019,0.0005,0.0013,0.0026,0.0028,0.0008,0.0020,0.0021,0.0023,0.0007,0.0010,0.0151,0.0022,0.0022,0.0003,0.0009,0.0018},{0.0060,0.0025,0.0030,0.0030,0.0013,0.0026,0.0034,0.0052,0.0013,0.0025,0.0034,0.0034,0.0011,0.0019,0.0022,0.0089,0.0043,0.0004,0.0015,0.0032},{0.0040,0.0019,0.0022,0.0024,0.0011,0.0015,0.0025,0.0029,0.0009,0.0028,0.0039,0.0029,0.0011,0.0019,0.0022,0.0043,0.0070,0.0003,0.0014,0.0040},{0.0007,0.0005,0.0003,0.0003,0.0001,0.0004,0.0005,0.0008,0.0002,0.0005,0.0009,0.0005,0.0002,0.0008,0.0003,0.0004,0.0003,0.0045,0.0008,0.0005},{0.0019,0.0016,0.0010,0.0011,0.0004,0.0010,0.0014,0.0017,0.0012,0.0020,0.0031,0.0017,0.0010,0.0032,0.0009,0.0015,0.0014,0.0008,0.0060,0.0020},{0.0054,0.0023,0.0017,0.0022,0.0012,0.0014,0.0025,0.0028,0.0008,0.0083,0.0082,0.0027,0.0018,0.0031,0.0018,0.0032,0.0040,0.0005,0.0020,0.0113}};
    private static final double[][] BL45 = {{0.0181,0.0029,0.0026,0.0027,0.0015,0.0024,0.0038,0.0063,0.0013,0.0036,0.0052,0.0037,0.0016,0.0021,0.0024,0.0062,0.0041,0.0006,0.0017,0.0055},{0.0029,0.0130,0.0020,0.0020,0.0006,0.0025,0.0031,0.0022,0.0013,0.0016,0.0029,0.0061,0.0010,0.0014,0.0013,0.0026,0.0020,0.0004,0.0014,0.0021},{0.0026,0.0020,0.0079,0.0031,0.0007,0.0016,0.0022,0.0033,0.0013,0.0015,0.0019,0.0028,0.0007,0.0011,0.0011,0.0031,0.0025,0.0002,0.0009,0.0016},{0.0027,0.0020,0.0031,0.0132,0.0006,0.0017,0.0047,0.0028,0.0012,0.0014,0.0022,0.0028,0.0006,0.0010,0.0015,0.0028,0.0023,0.0002,0.0011,0.0017},{0.0015,0.0006,0.0007,0.0006,0.0094,0.0004,0.0007,0.0010,0.0003,0.0008,0.0015,0.0008,0.0004,0.0007,0.0004,0.0011,0.0010,0.0001,0.0004,0.0012},{0.0024,0.0025,0.0016,0.0017,0.0004,0.0057,0.0032,0.0019,0.0010,0.0013,0.0022,0.0029,0.0008,0.0007,0.0011,0.0024,0.0015,0.0003,0.0010,0.0014},{0.0038,0.0031,0.0022,0.0047,0.0007,0.0032,0.0131,0.0025,0.0014,0.0017,0.0031,0.0045,0.0009,0.0013,0.0023,0.0032,0.0025,0.0004,0.0012,0.0023},{0.0063,0.0022,0.0033,0.0028,0.0010,0.0019,0.0025,0.0285,0.0012,0.0019,0.0032,0.0030,0.0011,0.0017,0.0022,0.0049,0.0027,0.0006,0.0014,0.0025},{0.0013,0.0013,0.0013,0.0012,0.0003,0.0010,0.0014,0.0012,0.0058,0.0007,0.0016,0.0013,0.0006,0.0008,0.0007,0.0013,0.0009,0.0001,0.0012,0.0008},{0.0036,0.0016,0.0015,0.0014,0.0008,0.0013,0.0017,0.0019,0.0007,0.0124,0.0093,0.0020,0.0023,0.0031,0.0016,0.0023,0.0028,0.0005,0.0019,0.0094},{0.0052,0.0029,0.0019,0.0022,0.0015,0.0022,0.0031,0.0032,0.0016,0.0093,0.0263,0.0031,0.0041,0.0057,0.0019,0.0032,0.0038,0.0008,0.0031,0.0088},{0.0037,0.0061,0.0028,0.0028,0.0008,0.0029,0.0045,0.0030,0.0013,0.0020,0.0031,0.0120,0.0011,0.0015,0.0020,0.0033,0.0028,0.0005,0.0015,0.0025},{0.0016,0.0010,0.0007,0.0006,0.0004,0.0008,0.0009,0.0011,0.0006,0.0023,0.0041,0.0011,0.0026,0.0012,0.0007,0.0010,0.0011,0.0002,0.0009,0.0022},{0.0021,0.0014,0.0011,0.0010,0.0007,0.0007,0.0013,0.0017,0.0008,0.0031,0.0057,0.0015,0.0012,0.0124,0.0009,0.0017,0.0017,0.0008,0.0034,0.0031},{0.0024,0.0013,0.0011,0.0015,0.0004,0.0011,0.0023,0.0022,0.0007,0.0016,0.0019,0.0020,0.0007,0.0009,0.0160,0.0020,0.0019,0.0003,0.0007,0.0016},{0.0062,0.0026,0.0031,0.0028,0.0011,0.0024,0.0032,0.0049,0.0013,0.0023,0.0032,0.0033,0.0010,0.0017,0.0020,0.0104,0.0047,0.0004,0.0015,0.0031},{0.0041,0.0020,0.0025,0.0023,0.0010,0.0015,0.0025,0.0027,0.0009,0.0028,0.0038,0.0028,0.0011,0.0017,0.0019,0.0047,0.0086,0.0003,0.0013,0.0038},{0.0006,0.0004,0.0002,0.0002,0.0001,0.0003,0.0004,0.0006,0.0001,0.0005,0.0008,0.0005,0.0002,0.0008,0.0003,0.0004,0.0003,0.0053,0.0008,0.0004},{0.0017,0.0014,0.0009,0.0011,0.0004,0.0010,0.0012,0.0014,0.0012,0.0019,0.0031,0.0015,0.0009,0.0034,0.0007,0.0015,0.0013,0.0008,0.0066,0.0019},{0.0055,0.0021,0.0016,0.0017,0.0012,0.0014,0.0023,0.0025,0.0008,0.0094,0.0088,0.0025,0.0022,0.0031,0.0016,0.0031,0.0038,0.0004,0.0019,0.0141}};
    private static final double[][] BL50 = {{0.0192,0.0027,0.0024,0.0026,0.0015,0.0022,0.0034,0.0062,0.0012,0.0035,0.0048,0.0033,0.0016,0.0020,0.0022,0.0062,0.0039,0.0005,0.0015,0.0054},{0.0027,0.0152,0.0020,0.0019,0.0005,0.0025,0.0029,0.0020,0.0013,0.0015,0.0028,0.0064,0.0009,0.0012,0.0011,0.0025,0.0021,0.0004,0.0013,0.0020},{0.0024,0.0020,0.0101,0.0035,0.0006,0.0016,0.0023,0.0031,0.0015,0.0013,0.0017,0.0027,0.0007,0.0009,0.0011,0.0032,0.0026,0.0002,0.0009,0.0015},{0.0026,0.0019,0.0035,0.0161,0.0005,0.0017,0.0048,0.0028,0.0011,0.0012,0.0018,0.0026,0.0005,0.0008,0.0015,0.0028,0.0022,0.0002,0.0009,0.0016},{0.0015,0.0005,0.0006,0.0005,0.0091,0.0004,0.0006,0.0009,0.0003,0.0008,0.0014,0.0006,0.0004,0.0006,0.0004,0.0011,0.0010,0.0001,0.0004,0.0013},{0.0022,0.0025,0.0016,0.0017,0.0004,0.0057,0.0033,0.0017,0.0010,0.0011,0.0019,0.0029,0.0008,0.0007,0.0011,0.0022,0.0015,0.0003,0.0009,0.0014},{0.0034,0.0029,0.0023,0.0048,0.0006,0.0033,0.0141,0.0023,0.0013,0.0015,0.0026,0.0043,0.0008,0.0012,0.0019,0.0030,0.0024,0.0004,0.0012,0.0020},{0.0062,0.0020,0.0031,0.0028,0.0009,0.0017,0.0023,0.0316,0.0011,0.0018,0.0027,0.0028,0.0009,0.0015,0.0019,0.0044,0.0025,0.0005,0.0012,0.0022},{0.0012,0.0013,0.0015,0.0011,0.0003,0.0010,0.0013,0.0011,0.0064,0.0007,0.0013,0.0014,0.0005,0.0009,0.0006,0.0012,0.0009,0.0002,0.0013,0.0007},{0.0035,0.0015,0.0013,0.0012,0.0008,0.0011,0.0015,0.0018,0.0007,0.0140,0.0104,0.0017,0.0022,0.0030,0.0013,0.0021,0.0029,0.0005,0.0018,0.0107},{0.0048,0.0028,0.0017,0.0018,0.0014,0.0019,0.0026,0.0027,0.0013,0.0104,0.0304,0.0027,0.0042,0.0058,0.0017,0.0029,0.0038,0.0008,0.0027,0.0092},{0.0033,0.0064,0.0027,0.0026,0.0006,0.0029,0.0043,0.0028,0.0014,0.0017,0.0027,0.0130,0.0010,0.0012,0.0018,0.0031,0.0026,0.0004,0.0013,0.0022},{0.0016,0.0009,0.0007,0.0005,0.0004,0.0008,0.0008,0.0009,0.0005,0.0022,0.0042,0.0010,0.0029,0.0012,0.0005,0.0010,0.0011,0.0003,0.0007,0.0021},{0.0020,0.0012,0.0009,0.0008,0.0006,0.0007,0.0012,0.0015,0.0009,0.0030,0.0058,0.0012,0.0012,0.0154,0.0007,0.0016,0.0015,0.0009,0.0039,0.0030},{0.0022,0.0011,0.0011,0.0015,0.0004,0.0011,0.0019,0.0019,0.0006,0.0013,0.0017,0.0018,0.0005,0.0007,0.0171,0.0018,0.0016,0.0002,0.0006,0.0016},{0.0062,0.0025,0.0032,0.0028,0.0011,0.0022,0.0030,0.0044,0.0012,0.0021,0.0029,0.0031,0.0010,0.0016,0.0018,0.0111,0.0047,0.0003,0.0013,0.0029},{0.0039,0.0021,0.0026,0.0022,0.0010,0.0015,0.0024,0.0025,0.0009,0.0029,0.0038,0.0026,0.0011,0.0015,0.0016,0.0047,0.0100,0.0004,0.0012,0.0041},{0.0005,0.0004,0.0002,0.0002,0.0001,0.0003,0.0004,0.0005,0.0002,0.0005,0.0008,0.0004,0.0003,0.0009,0.0002,0.0003,0.0004,0.0059,0.0008,0.0005},{0.0015,0.0013,0.0009,0.0009,0.0004,0.0009,0.0012,0.0012,0.0013,0.0018,0.0027,0.0013,0.0007,0.0039,0.0006,0.0013,0.0012,0.0008,0.0077,0.0018},{0.0054,0.0020,0.0015,0.0016,0.0013,0.0014,0.0020,0.0022,0.0007,0.0107,0.0092,0.0022,0.0021,0.0030,0.0016,0.0029,0.0041,0.0005,0.0018,0.0164}};
    private static final double[][] BL55 = {{0.0198,0.0025,0.0022,0.0024,0.0016,0.0020,0.0032,0.0059,0.0011,0.0034,0.0045,0.0033,0.0015,0.0019,0.0022,0.0064,0.0040,0.0004,0.0015,0.0054},{0.0025,0.0157,0.0019,0.0018,0.0005,0.0025,0.0028,0.0019,0.0013,0.0014,0.0026,0.0062,0.0008,0.0011,0.0010,0.0024,0.0020,0.0003,0.0011,0.0018},{0.0022,0.0019,0.0116,0.0035,0.0005,0.0015,0.0023,0.0030,0.0014,0.0012,0.0016,0.0025,0.0006,0.0008,0.0010,0.0031,0.0025,0.0002,0.0008,0.0013},{0.0024,0.0018,0.0035,0.0177,0.0005,0.0016,0.0048,0.0026,0.0010,0.0013,0.0017,0.0026,0.0005,0.0007,0.0014,0.0028,0.0021,0.0002,0.0008,0.0016},{0.0016,0.0005,0.0005,0.0005,0.0100,0.0003,0.0005,0.0008,0.0003,0.0010,0.0014,0.0005,0.0004,0.0006,0.0004,0.0011,0.0011,0.0001,0.0004,0.0014},{0.0020,0.0025,0.0015,0.0016,0.0003,0.0064,0.0034,0.0015,0.0011,0.0010,0.0018,0.0030,0.0008,0.0006,0.0010,0.0020,0.0015,0.0003,0.0008,0.0013},{0.0032,0.0028,0.0023,0.0048,0.0005,0.0034,0.0150,0.0021,0.0012,0.0014,0.0023,0.0044,0.0007,0.0010,0.0017,0.0030,0.0023,0.0004,0.0011,0.0019},{0.0059,0.0019,0.0030,0.0026,0.0008,0.0015,0.0021,0.0341,0.0010,0.0017,0.0024,0.0027,0.0008,0.0013,0.0016,0.0042,0.0025,0.0005,0.0010,0.0021},{0.0011,0.0013,0.0014,0.0010,0.0003,0.0011,0.0012,0.0010,0.0074,0.0006,0.0011,0.0013,0.0004,0.0008,0.0006,0.0011,0.0008,0.0002,0.0013,0.0007},{0.0034,0.0014,0.0012,0.0013,0.0010,0.0010,0.0014,0.0017,0.0006,0.0158,0.0105,0.0016,0.0023,0.0031,0.0012,0.0020,0.0029,0.0004,0.0016,0.0115},{0.0045,0.0026,0.0016,0.0017,0.0014,0.0018,0.0023,0.0024,0.0011,0.0105,0.0328,0.0025,0.0045,0.0057,0.0016,0.0027,0.0035,0.0007,0.0026,0.0092},{0.0033,0.0062,0.0025,0.0026,0.0005,0.0030,0.0044,0.0027,0.0013,0.0016,0.0025,0.0142,0.0009,0.0011,0.0018,0.0032,0.0025,0.0003,0.0011,0.0021},{0.0015,0.0008,0.0006,0.0005,0.0004,0.0008,0.0007,0.0008,0.0004,0.0023,0.0045,0.0009,0.0036,0.0013,0.0005,0.0009,0.0011,0.0002,0.0007,0.0022},{0.0019,0.0011,0.0008,0.0007,0.0006,0.0006,0.0010,0.0013,0.0008,0.0031,0.0057,0.0011,0.0013,0.0163,0.0006,0.0014,0.0013,0.0009,0.0040,0.0028},{0.0022,0.0010,0.0010,0.0014,0.0004,0.0010,0.0017,0.0016,0.0006,0.0012,0.0016,0.0018,0.0005,0.0006,0.0184,0.0018,0.0016,0.0002,0.0006,0.0015},{0.0064,0.0024,0.0031,0.0028,0.0011,0.0020,0.0030,0.0042,0.0011,0.0020,0.0027,0.0032,0.0009,0.0014,0.0018,0.0122,0.0049,0.0003,0.0012,0.0027},{0.0040,0.0020,0.0025,0.0021,0.0011,0.0015,0.0023,0.0025,0.0008,0.0029,0.0035,0.0025,0.0011,0.0013,0.0016,0.0049,0.0115,0.0003,0.0011,0.0039},{0.0004,0.0003,0.0002,0.0002,0.0001,0.0003,0.0004,0.0005,0.0002,0.0004,0.0007,0.0003,0.0002,0.0009,0.0002,0.0003,0.0003,0.0063,0.0010,0.0004},{0.0015,0.0011,0.0008,0.0008,0.0004,0.0008,0.0011,0.0010,0.0013,0.0016,0.0026,0.0011,0.0007,0.0040,0.0006,0.0012,0.0011,0.0010,0.0086,0.0017},{0.0054,0.0018,0.0013,0.0016,0.0014,0.0013,0.0019,0.0021,0.0007,0.0115,0.0092,0.0021,0.0022,0.0028,0.0015,0.0027,0.0039,0.0004,0.0017,0.0181}};
    private static final double[][] BL60 = {{0.0210,0.0024,0.0020,0.0022,0.0016,0.0020,0.0030,0.0058,0.0011,0.0033,0.0046,0.0033,0.0014,0.0017,0.0021,0.0063,0.0038,0.0004,0.0014,0.0052},{0.0024,0.0174,0.0019,0.0016,0.0004,0.0025,0.0027,0.0017,0.0013,0.0013,0.0025,0.0063,0.0008,0.0010,0.0010,0.0023,0.0019,0.0003,0.0010,0.0017},{0.0020,0.0019,0.0129,0.0037,0.0005,0.0015,0.0022,0.0028,0.0014,0.0010,0.0014,0.0024,0.0005,0.0008,0.0009,0.0031,0.0023,0.0002,0.0007,0.0012},{0.0022,0.0016,0.0037,0.0197,0.0004,0.0017,0.0050,0.0025,0.0010,0.0013,0.0016,0.0025,0.0005,0.0008,0.0013,0.0028,0.0020,0.0002,0.0006,0.0013},{0.0016,0.0004,0.0005,0.0004,0.0116,0.0003,0.0004,0.0008,0.0002,0.0010,0.0015,0.0005,0.0004,0.0005,0.0004,0.0011,0.0010,0.0002,0.0004,0.0014},{0.0020,0.0025,0.0015,0.0017,0.0003,0.0069,0.0035,0.0013,0.0011,0.0009,0.0017,0.0031,0.0008,0.0006,0.0009,0.0019,0.0014,0.0003,0.0007,0.0012},{0.0030,0.0027,0.0022,0.0050,0.0004,0.0035,0.0161,0.0020,0.0013,0.0013,0.0021,0.0042,0.0007,0.0009,0.0015,0.0030,0.0021,0.0003,0.0009,0.0017},{0.0058,0.0017,0.0028,0.0025,0.0008,0.0013,0.0020,0.0364,0.0010,0.0015,0.0021,0.0025,0.0008,0.0012,0.0014,0.0040,0.0022,0.0004,0.0009,0.0019},{0.0011,0.0013,0.0014,0.0010,0.0002,0.0011,0.0013,0.0010,0.0084,0.0006,0.0010,0.0012,0.0004,0.0008,0.0005,0.0011,0.0008,0.0002,0.0014,0.0006},{0.0033,0.0013,0.0010,0.0013,0.0010,0.0009,0.0013,0.0015,0.0006,0.0173,0.0111,0.0016,0.0025,0.0031,0.0010,0.0018,0.0027,0.0004,0.0015,0.0117},{0.0046,0.0025,0.0014,0.0016,0.0015,0.0017,0.0021,0.0021,0.0010,0.0111,0.0362,0.0025,0.0048,0.0056,0.0015,0.0025,0.0034,0.0008,0.0023,0.0095},{0.0033,0.0063,0.0024,0.0025,0.0005,0.0031,0.0042,0.0025,0.0012,0.0016,0.0025,0.0152,0.0009,0.0010,0.0017,0.0031,0.0024,0.0003,0.0010,0.0020},{0.0014,0.0008,0.0005,0.0005,0.0004,0.0008,0.0007,0.0008,0.0004,0.0025,0.0048,0.0009,0.0040,0.0012,0.0004,0.0009,0.0011,0.0002,0.0006,0.0024},{0.0017,0.0010,0.0008,0.0008,0.0005,0.0006,0.0009,0.0012,0.0008,0.0031,0.0056,0.0010,0.0012,0.0182,0.0006,0.0013,0.0012,0.0009,0.0042,0.0026},{0.0021,0.0010,0.0009,0.0013,0.0004,0.0009,0.0015,0.0014,0.0005,0.0010,0.0015,0.0017,0.0004,0.0006,0.0194,0.0017,0.0014,0.0002,0.0005,0.0013},{0.0063,0.0023,0.0031,0.0028,0.0011,0.0019,0.0030,0.0040,0.0011,0.0018,0.0025,0.0031,0.0009,0.0013,0.0017,0.0127,0.0048,0.0003,0.0011,0.0025},{0.0038,0.0019,0.0023,0.0020,0.0010,0.0014,0.0021,0.0022,0.0008,0.0027,0.0034,0.0024,0.0011,0.0012,0.0014,0.0048,0.0123,0.0003,0.0010,0.0038},{0.0004,0.0003,0.0002,0.0002,0.0002,0.0003,0.0003,0.0004,0.0002,0.0004,0.0008,0.0003,0.0002,0.0009,0.0002,0.0003,0.0003,0.0066,0.0009,0.0004},{0.0014,0.0010,0.0007,0.0006,0.0004,0.0007,0.0009,0.0009,0.0014,0.0015,0.0023,0.0010,0.0006,0.0042,0.0005,0.0011,0.0010,0.0009,0.0099,0.0016},{0.0052,0.0017,0.0012,0.0013,0.0014,0.0012,0.0017,0.0019,0.0006,0.0117,0.0095,0.0020,0.0024,0.0026,0.0013,0.0025,0.0038,0.0004,0.0016,0.0192}};
    private static final double[][] BL62 = {{0.0215,0.0023,0.0019,0.0022,0.0016,0.0019,0.0030,0.0058,0.0011,0.0032,0.0044,0.0033,0.0013,0.0016,0.0022,0.0063,0.0037,0.0004,0.0013,0.0051},{0.0023,0.0178,0.0020,0.0016,0.0004,0.0025,0.0027,0.0017,0.0012,0.0012,0.0024,0.0062,0.0008,0.0009,0.0010,0.0023,0.0018,0.0003,0.0009,0.0016},{0.0019,0.0020,0.0141,0.0037,0.0004,0.0015,0.0022,0.0029,0.0014,0.0010,0.0014,0.0024,0.0005,0.0008,0.0009,0.0031,0.0022,0.0002,0.0007,0.0012},{0.0022,0.0016,0.0037,0.0213,0.0004,0.0016,0.0049,0.0025,0.0010,0.0012,0.0015,0.0024,0.0005,0.0008,0.0012,0.0028,0.0019,0.0002,0.0006,0.0013},{0.0016,0.0004,0.0004,0.0004,0.0119,0.0003,0.0004,0.0008,0.0002,0.0011,0.0016,0.0005,0.0004,0.0005,0.0004,0.0010,0.0009,0.0001,0.0003,0.0014},{0.0019,0.0025,0.0015,0.0016,0.0003,0.0073,0.0035,0.0014,0.0010,0.0009,0.0016,0.0031,0.0007,0.0005,0.0008,0.0019,0.0014,0.0002,0.0007,0.0012},{0.0030,0.0027,0.0022,0.0049,0.0004,0.0035,0.0161,0.0019,0.0014,0.0012,0.0020,0.0041,0.0007,0.0009,0.0014,0.0030,0.0020,0.0003,0.0009,0.0017},{0.0058,0.0017,0.0029,0.0025,0.0008,0.0014,0.0019,0.0378,0.0010,0.0014,0.0021,0.0025,0.0007,0.0012,0.0014,0.0038,0.0022,0.0004,0.0008,0.0018},{0.0011,0.0012,0.0014,0.0010,0.0002,0.0010,0.0014,0.0010,0.0093,0.0006,0.0010,0.0012,0.0004,0.0008,0.0005,0.0011,0.0007,0.0002,0.0015,0.0006},{0.0032,0.0012,0.0010,0.0012,0.0011,0.0009,0.0012,0.0014,0.0006,0.0184,0.0114,0.0016,0.0025,0.0030,0.0010,0.0017,0.0027,0.0004,0.0014,0.0120},{0.0044,0.0024,0.0014,0.0015,0.0016,0.0016,0.0020,0.0021,0.0010,0.0114,0.0371,0.0025,0.0049,0.0054,0.0014,0.0024,0.0033,0.0007,0.0022,0.0095},{0.0033,0.0062,0.0024,0.0024,0.0005,0.0031,0.0041,0.0025,0.0012,0.0016,0.0025,0.0161,0.0009,0.0009,0.0016,0.0031,0.0023,0.0003,0.0010,0.0019},{0.0013,0.0008,0.0005,0.0005,0.0004,0.0007,0.0007,0.0007,0.0004,0.0025,0.0049,0.0009,0.0040,0.0012,0.0004,0.0009,0.0010,0.0002,0.0006,0.0023},{0.0016,0.0009,0.0008,0.0008,0.0005,0.0005,0.0009,0.0012,0.0008,0.0030,0.0054,0.0009,0.0012,0.0183,0.0005,0.0012,0.0012,0.0008,0.0042,0.0026},{0.0022,0.0010,0.0009,0.0012,0.0004,0.0008,0.0014,0.0014,0.0005,0.0010,0.0014,0.0016,0.0004,0.0005,0.0191,0.0017,0.0014,0.0001,0.0005,0.0012},{0.0063,0.0023,0.0031,0.0028,0.0010,0.0019,0.0030,0.0038,0.0011,0.0017,0.0024,0.0031,0.0009,0.0012,0.0017,0.0126,0.0047,0.0003,0.0010,0.0024},{0.0037,0.0018,0.0022,0.0019,0.0009,0.0014,0.0020,0.0022,0.0007,0.0027,0.0033,0.0023,0.0010,0.0012,0.0014,0.0047,0.0125,0.0003,0.0009,0.0036},{0.0004,0.0003,0.0002,0.0002,0.0001,0.0002,0.0003,0.0004,0.0002,0.0004,0.0007,0.0003,0.0002,0.0008,0.0001,0.0003,0.0003,0.0065,0.0009,0.0004},{0.0013,0.0009,0.0007,0.0006,0.0003,0.0007,0.0009,0.0008,0.0015,0.0014,0.0022,0.0010,0.0006,0.0042,0.0005,0.0010,0.0009,0.0009,0.0102,0.0015},{0.0051,0.0016,0.0012,0.0013,0.0014,0.0012,0.0017,0.0018,0.0006,0.0120,0.0095,0.0019,0.0023,0.0026,0.0012,0.0024,0.0036,0.0004,0.0015,0.0196}};
    private static final double[][] BL65 = {{0.0222,0.0022,0.0019,0.0021,0.0016,0.0018,0.0029,0.0057,0.0010,0.0031,0.0043,0.0032,0.0013,0.0016,0.0021,0.0065,0.0037,0.0004,0.0013,0.0049},{0.0022,0.0181,0.0019,0.0015,0.0004,0.0024,0.0025,0.0016,0.0013,0.0012,0.0023,0.0062,0.0007,0.0009,0.0009,0.0022,0.0017,0.0003,0.0009,0.0015},{0.0019,0.0019,0.0148,0.0037,0.0004,0.0015,0.0021,0.0027,0.0014,0.0009,0.0013,0.0024,0.0005,0.0007,0.0008,0.0030,0.0022,0.0002,0.0007,0.0011},{0.0021,0.0015,0.0037,0.0225,0.0004,0.0016,0.0049,0.0024,0.0009,0.0011,0.0014,0.0024,0.0004,0.0007,0.0011,0.0027,0.0019,0.0001,0.0006,0.0012},{0.0016,0.0004,0.0004,0.0004,0.0127,0.0003,0.0003,0.0007,0.0002,0.0012,0.0016,0.0005,0.0004,0.0005,0.0003,0.0011,0.0009,0.0002,0.0004,0.0014},{0.0018,0.0024,0.0015,0.0016,0.0003,0.0076,0.0034,0.0013,0.0010,0.0008,0.0016,0.0030,0.0007,0.0005,0.0008,0.0018,0.0013,0.0002,0.0006,0.0011},{0.0029,0.0025,0.0021,0.0049,0.0003,0.0034,0.0168,0.0018,0.0013,0.0012,0.0019,0.0040,0.0006,0.0008,0.0014,0.0029,0.0021,0.0002,0.0008,0.0016},{0.0057,0.0016,0.0027,0.0024,0.0007,0.0013,0.0018,0.0396,0.0009,0.0013,0.0020,0.0024,0.0007,0.0011,0.0013,0.0037,0.0022,0.0004,0.0008,0.0017},{0.0010,0.0013,0.0014,0.0009,0.0002,0.0010,0.0013,0.0009,0.0096,0.0006,0.0009,0.0012,0.0003,0.0008,0.0005,0.0011,0.0007,0.0002,0.0016,0.0006},{0.0031,0.0012,0.0009,0.0011,0.0012,0.0008,0.0012,0.0013,0.0006,0.0191,0.0115,0.0015,0.0025,0.0030,0.0009,0.0017,0.0027,0.0004,0.0015,0.0120},{0.0043,0.0023,0.0013,0.0014,0.0016,0.0016,0.0019,0.0020,0.0009,0.0115,0.0388,0.0024,0.0052,0.0056,0.0013,0.0024,0.0033,0.0007,0.0023,0.0094},{0.0032,0.0062,0.0024,0.0024,0.0005,0.0030,0.0040,0.0024,0.0012,0.0015,0.0024,0.0166,0.0008,0.0009,0.0015,0.0030,0.0023,0.0003,0.0010,0.0019},{0.0013,0.0007,0.0005,0.0004,0.0004,0.0007,0.0006,0.0007,0.0003,0.0025,0.0052,0.0008,0.0045,0.0012,0.0004,0.0008,0.0010,0.0002,0.0006,0.0023},{0.0016,0.0009,0.0007,0.0007,0.0005,0.0005,0.0008,0.0011,0.0008,0.0030,0.0056,0.0009,0.0012,0.0186,0.0005,0.0012,0.0012,0.0009,0.0043,0.0025},{0.0021,0.0009,0.0008,0.0011,0.0003,0.0008,0.0014,0.0013,0.0005,0.0009,0.0013,0.0015,0.0004,0.0005,0.0195,0.0016,0.0013,0.0001,0.0004,0.0012},{0.0065,0.0022,0.0030,0.0027,0.0011,0.0018,0.0029,0.0037,0.0011,0.0017,0.0024,0.0030,0.0008,0.0012,0.0016,0.0137,0.0048,0.0003,0.0010,0.0023},{0.0037,0.0017,0.0022,0.0019,0.0009,0.0013,0.0021,0.0022,0.0007,0.0027,0.0033,0.0023,0.0010,0.0012,0.0013,0.0048,0.0133,0.0003,0.0009,0.0035},{0.0004,0.0003,0.0002,0.0001,0.0002,0.0002,0.0002,0.0004,0.0002,0.0004,0.0007,0.0003,0.0002,0.0009,0.0001,0.0003,0.0003,0.0074,0.0010,0.0004},{0.0013,0.0009,0.0007,0.0006,0.0004,0.0006,0.0008,0.0008,0.0016,0.0015,0.0023,0.0010,0.0006,0.0043,0.0004,0.0010,0.0009,0.0010,0.0113,0.0015},{0.0049,0.0015,0.0011,0.0012,0.0014,0.0011,0.0016,0.0017,0.0006,0.0120,0.0094,0.0019,0.0023,0.0025,0.0012,0.0023,0.0035,0.0004,0.0015,0.0206}};
    private static final double[][] BL70 = {{0.0236,0.0022,0.0018,0.0020,0.0016,0.0018,0.0028,0.0056,0.0010,0.0029,0.0040,0.0031,0.0012,0.0015,0.0022,0.0064,0.0036,0.0004,0.0012,0.0048},{0.0022,0.0193,0.0018,0.0014,0.0004,0.0025,0.0025,0.0016,0.0012,0.0011,0.0020,0.0062,0.0007,0.0008,0.0009,0.0021,0.0016,0.0002,0.0009,0.0015},{0.0018,0.0018,0.0155,0.0038,0.0004,0.0014,0.0021,0.0027,0.0013,0.0009,0.0012,0.0023,0.0005,0.0006,0.0007,0.0029,0.0021,0.0002,0.0006,0.0011},{0.0020,0.0014,0.0038,0.0238,0.0004,0.0015,0.0049,0.0024,0.0009,0.0010,0.0012,0.0022,0.0004,0.0007,0.0010,0.0026,0.0018,0.0001,0.0005,0.0011},{0.0016,0.0004,0.0004,0.0004,0.0144,0.0003,0.0003,0.0007,0.0002,0.0011,0.0015,0.0004,0.0004,0.0006,0.0003,0.0010,0.0009,0.0002,0.0003,0.0013},{0.0018,0.0025,0.0014,0.0015,0.0003,0.0083,0.0034,0.0012,0.0011,0.0008,0.0015,0.0030,0.0007,0.0005,0.0008,0.0017,0.0013,0.0002,0.0006,0.0011},{0.0028,0.0025,0.0021,0.0049,0.0003,0.0034,0.0183,0.0018,0.0014,0.0011,0.0017,0.0039,0.0006,0.0007,0.0013,0.0028,0.0020,0.0002,0.0007,0.0015},{0.0056,0.0016,0.0027,0.0024,0.0007,0.0012,0.0018,0.0421,0.0008,0.0011,0.0018,0.0023,0.0006,0.0011,0.0012,0.0035,0.0020,0.0004,0.0007,0.0016},{0.0010,0.0012,0.0013,0.0009,0.0002,0.0011,0.0014,0.0008,0.0099,0.0005,0.0009,0.0011,0.0003,0.0008,0.0004,0.0011,0.0007,0.0002,0.0017,0.0006},{0.0029,0.0011,0.0009,0.0010,0.0011,0.0008,0.0011,0.0011,0.0005,0.0202,0.0117,0.0013,0.0025,0.0029,0.0008,0.0016,0.0025,0.0004,0.0014,0.0119},{0.0040,0.0020,0.0012,0.0012,0.0015,0.0015,0.0017,0.0018,0.0009,0.0117,0.0417,0.0023,0.0052,0.0055,0.0013,0.0023,0.0030,0.0007,0.0022,0.0094},{0.0031,0.0062,0.0023,0.0022,0.0004,0.0030,0.0039,0.0023,0.0011,0.0013,0.0023,0.0173,0.0008,0.0008,0.0014,0.0028,0.0022,0.0002,0.0009,0.0017},{0.0012,0.0007,0.0005,0.0004,0.0004,0.0007,0.0006,0.0006,0.0003,0.0025,0.0052,0.0008,0.0046,0.0011,0.0004,0.0008,0.0010,0.0002,0.0005,0.0022},{0.0015,0.0008,0.0006,0.0007,0.0006,0.0005,0.0007,0.0011,0.0008,0.0029,0.0055,0.0008,0.0011,0.0197,0.0005,0.0011,0.0011,0.0009,0.0043,0.0025},{0.0022,0.0009,0.0007,0.0010,0.0003,0.0008,0.0013,0.0012,0.0004,0.0008,0.0013,0.0014,0.0004,0.0005,0.0206,0.0016,0.0012,0.0001,0.0004,0.0011},{0.0064,0.0021,0.0029,0.0026,0.0010,0.0017,0.0028,0.0035,0.0011,0.0016,0.0023,0.0028,0.0008,0.0011,0.0016,0.0142,0.0046,0.0003,0.0010,0.0021},{0.0036,0.0016,0.0021,0.0018,0.0009,0.0013,0.0020,0.0020,0.0007,0.0025,0.0030,0.0022,0.0010,0.0011,0.0012,0.0046,0.0138,0.0002,0.0009,0.0034},{0.0004,0.0002,0.0002,0.0001,0.0002,0.0002,0.0002,0.0004,0.0002,0.0004,0.0007,0.0002,0.0002,0.0009,0.0001,0.0003,0.0002,0.0075,0.0009,0.0004},{0.0012,0.0009,0.0006,0.0005,0.0003,0.0006,0.0007,0.0007,0.0017,0.0014,0.0022,0.0009,0.0005,0.0043,0.0004,0.0010,0.0009,0.0009,0.0124,0.0014},{0.0048,0.0015,0.0011,0.0011,0.0013,0.0011,0.0015,0.0016,0.0006,0.0119,0.0094,0.0017,0.0022,0.0025,0.0011,0.0021,0.0034,0.0004,0.0014,0.0218}};
    private static final double[][] BL75 = {{0.0245,0.0021,0.0017,0.0018,0.0016,0.0017,0.0028,0.0055,0.0010,0.0028,0.0039,0.0030,0.0012,0.0014,0.0022,0.0064,0.0036,0.0003,0.0012,0.0047},{0.0021,0.0204,0.0017,0.0013,0.0004,0.0024,0.0024,0.0015,0.0012,0.0011,0.0019,0.0062,0.0007,0.0007,0.0009,0.0021,0.0016,0.0002,0.0008,0.0014},{0.0017,0.0017,0.0162,0.0036,0.0004,0.0014,0.0020,0.0026,0.0013,0.0008,0.0011,0.0023,0.0004,0.0006,0.0007,0.0028,0.0020,0.0001,0.0006,0.0010},{0.0018,0.0013,0.0036,0.0253,0.0004,0.0014,0.0048,0.0023,0.0008,0.0009,0.0011,0.0021,0.0004,0.0006,0.0010,0.0025,0.0017,0.0001,0.0005,0.0010},{0.0016,0.0004,0.0004,0.0004,0.0152,0.0003,0.0003,0.0006,0.0002,0.0012,0.0015,0.0004,0.0004,0.0006,0.0003,0.0010,0.0009,0.0001,0.0003,0.0014},{0.0017,0.0024,0.0014,0.0014,0.0003,0.0090,0.0034,0.0011,0.0011,0.0007,0.0014,0.0029,0.0007,0.0005,0.0007,0.0017,0.0012,0.0002,0.0006,0.0010},{0.0028,0.0024,0.0020,0.0048,0.0003,0.0034,0.0194,0.0017,0.0013,0.0010,0.0016,0.0037,0.0006,0.0007,0.0012,0.0027,0.0019,0.0002,0.0007,0.0015},{0.0055,0.0015,0.0026,0.0023,0.0006,0.0011,0.0017,0.0436,0.0008,0.0011,0.0017,0.0022,0.0006,0.0010,0.0011,0.0035,0.0020,0.0003,0.0006,0.0015},{0.0010,0.0012,0.0013,0.0008,0.0002,0.0011,0.0013,0.0008,0.0100,0.0005,0.0008,0.0011,0.0003,0.0007,0.0004,0.0010,0.0007,0.0002,0.0016,0.0006},{0.0028,0.0011,0.0008,0.0009,0.0012,0.0007,0.0010,0.0011,0.0005,0.0210,0.0115,0.0012,0.0026,0.0028,0.0008,0.0015,0.0024,0.0004,0.0014,0.0122},{0.0039,0.0019,0.0011,0.0011,0.0015,0.0014,0.0016,0.0017,0.0008,0.0115,0.0433,0.0021,0.0052,0.0055,0.0012,0.0022,0.0029,0.0007,0.0021,0.0093},{0.0030,0.0062,0.0023,0.0021,0.0004,0.0029,0.0037,0.0022,0.0011,0.0012,0.0021,0.0180,0.0008,0.0008,0.0013,0.0026,0.0021,0.0002,0.0009,0.0016},{0.0012,0.0007,0.0004,0.0004,0.0004,0.0007,0.0006,0.0006,0.0003,0.0026,0.0052,0.0008,0.0049,0.0011,0.0004,0.0007,0.0010,0.0002,0.0005,0.0022},{0.0014,0.0007,0.0006,0.0006,0.0006,0.0005,0.0007,0.0010,0.0007,0.0028,0.0055,0.0008,0.0011,0.0206,0.0005,0.0010,0.0011,0.0008,0.0044,0.0024},{0.0022,0.0009,0.0007,0.0010,0.0003,0.0007,0.0012,0.0011,0.0004,0.0008,0.0012,0.0013,0.0004,0.0005,0.0214,0.0015,0.0011,0.0001,0.0004,0.0011},{0.0064,0.0021,0.0028,0.0025,0.0010,0.0017,0.0027,0.0035,0.0010,0.0015,0.0022,0.0026,0.0007,0.0010,0.0015,0.0153,0.0046,0.0002,0.0009,0.0021},{0.0036,0.0016,0.0020,0.0017,0.0009,0.0012,0.0019,0.0020,0.0007,0.0024,0.0029,0.0021,0.0010,0.0011,0.0011,0.0046,0.0143,0.0002,0.0008,0.0033},{0.0003,0.0002,0.0001,0.0001,0.0001,0.0002,0.0002,0.0003,0.0002,0.0004,0.0007,0.0002,0.0002,0.0008,0.0001,0.0002,0.0002,0.0080,0.0010,0.0004},{0.0012,0.0008,0.0006,0.0005,0.0003,0.0006,0.0007,0.0006,0.0016,0.0014,0.0021,0.0009,0.0005,0.0044,0.0004,0.0009,0.0008,0.0010,0.0136,0.0014},{0.0047,0.0014,0.0010,0.0010,0.0014,0.0010,0.0015,0.0015,0.0006,0.0122,0.0093,0.0016,0.0022,0.0024,0.0011,0.0021,0.0033,0.0004,0.0014,0.0230}};
    private static final double[][] BL80 = {{0.0252,0.0020,0.0016,0.0018,0.0015,0.0017,0.0028,0.0053,0.0009,0.0027,0.0036,0.0029,0.0011,0.0014,0.0021,0.0064,0.0036,0.0003,0.0011,0.0046},{0.0020,0.0210,0.0017,0.0013,0.0003,0.0024,0.0023,0.0015,0.0012,0.0010,0.0018,0.0061,0.0006,0.0007,0.0009,0.0020,0.0015,0.0002,0.0007,0.0013},{0.0016,0.0017,0.0166,0.0037,0.0004,0.0014,0.0019,0.0025,0.0012,0.0007,0.0011,0.0022,0.0004,0.0006,0.0007,0.0029,0.0020,0.0001,0.0006,0.0009},{0.0018,0.0013,0.0037,0.0262,0.0003,0.0014,0.0048,0.0022,0.0008,0.0008,0.0011,0.0020,0.0003,0.0006,0.0009,0.0024,0.0016,0.0001,0.0005,0.0010},{0.0015,0.0003,0.0004,0.0003,0.0172,0.0003,0.0003,0.0006,0.0002,0.0011,0.0014,0.0004,0.0004,0.0005,0.0003,0.0010,0.0009,0.0001,0.0003,0.0013},{0.0017,0.0024,0.0014,0.0014,0.0003,0.0094,0.0035,0.0011,0.0011,0.0007,0.0014,0.0028,0.0007,0.0005,0.0007,0.0017,0.0012,0.0002,0.0005,0.0010},{0.0028,0.0023,0.0019,0.0048,0.0003,0.0035,0.0208,0.0017,0.0012,0.0010,0.0015,0.0036,0.0006,0.0006,0.0012,0.0026,0.0019,0.0002,0.0006,0.0015},{0.0053,0.0015,0.0025,0.0022,0.0006,0.0011,0.0017,0.0463,0.0008,0.0009,0.0016,0.0020,0.0005,0.0009,0.0010,0.0034,0.0019,0.0003,0.0006,0.0014},{0.0009,0.0012,0.0012,0.0008,0.0002,0.0011,0.0012,0.0008,0.0104,0.0004,0.0008,0.0010,0.0003,0.0007,0.0004,0.0010,0.0007,0.0001,0.0016,0.0005},{0.0027,0.0010,0.0007,0.0008,0.0011,0.0007,0.0010,0.0009,0.0004,0.0220,0.0111,0.0012,0.0025,0.0027,0.0007,0.0015,0.0024,0.0003,0.0013,0.0123},{0.0036,0.0018,0.0011,0.0011,0.0014,0.0014,0.0015,0.0016,0.0008,0.0111,0.0442,0.0019,0.0052,0.0052,0.0012,0.0021,0.0028,0.0006,0.0020,0.0089},{0.0029,0.0061,0.0022,0.0020,0.0004,0.0028,0.0036,0.0020,0.0010,0.0012,0.0019,0.0190,0.0007,0.0007,0.0012,0.0026,0.0020,0.0002,0.0008,0.0015},{0.0011,0.0006,0.0004,0.0003,0.0004,0.0007,0.0006,0.0005,0.0003,0.0025,0.0052,0.0007,0.0053,0.0010,0.0003,0.0007,0.0009,0.0002,0.0005,0.0022},{0.0014,0.0007,0.0006,0.0006,0.0005,0.0005,0.0006,0.0009,0.0007,0.0027,0.0052,0.0007,0.0010,0.0211,0.0004,0.0010,0.0011,0.0007,0.0046,0.0022},{0.0021,0.0009,0.0007,0.0009,0.0003,0.0007,0.0012,0.0010,0.0004,0.0007,0.0012,0.0012,0.0003,0.0004,0.0221,0.0014,0.0011,0.0001,0.0003,0.0010},{0.0064,0.0020,0.0029,0.0024,0.0010,0.0017,0.0026,0.0034,0.0010,0.0015,0.0021,0.0026,0.0007,0.0010,0.0014,0.0167,0.0048,0.0002,0.0009,0.0021},{0.0036,0.0015,0.0020,0.0016,0.0009,0.0012,0.0019,0.0019,0.0007,0.0024,0.0028,0.0020,0.0009,0.0011,0.0011,0.0048,0.0156,0.0002,0.0008,0.0033},{0.0003,0.0002,0.0001,0.0001,0.0001,0.0002,0.0002,0.0003,0.0001,0.0003,0.0006,0.0002,0.0002,0.0007,0.0001,0.0002,0.0002,0.0087,0.0010,0.0004},{0.0011,0.0007,0.0006,0.0005,0.0003,0.0005,0.0006,0.0006,0.0016,0.0013,0.0020,0.0008,0.0005,0.0046,0.0003,0.0009,0.0008,0.0010,0.0148,0.0012},{0.0046,0.0013,0.0009,0.0010,0.0013,0.0010,0.0015,0.0014,0.0005,0.0123,0.0089,0.0015,0.0022,0.0022,0.0010,0.0021,0.0033,0.0004,0.0012,0.0246}};
    private static final double[][] BL85 = {{0.0267,0.0019,0.0015,0.0017,0.0015,0.0016,0.0027,0.0051,0.0009,0.0025,0.0035,0.0027,0.0011,0.0013,0.0021,0.0062,0.0036,0.0003,0.0010,0.0044},{0.0019,0.0217,0.0016,0.0012,0.0003,0.0022,0.0021,0.0014,0.0011,0.0010,0.0017,0.0058,0.0006,0.0006,0.0008,0.0019,0.0014,0.0002,0.0007,0.0012},{0.0015,0.0016,0.0172,0.0036,0.0004,0.0013,0.0018,0.0024,0.0012,0.0007,0.0010,0.0021,0.0004,0.0005,0.0006,0.0028,0.0019,0.0001,0.0006,0.0008},{0.0017,0.0012,0.0036,0.0275,0.0003,0.0013,0.0047,0.0022,0.0008,0.0007,0.0010,0.0019,0.0003,0.0005,0.0009,0.0023,0.0015,0.0001,0.0004,0.0009},{0.0015,0.0003,0.0004,0.0003,0.0182,0.0003,0.0003,0.0006,0.0001,0.0011,0.0013,0.0004,0.0003,0.0006,0.0003,0.0010,0.0009,0.0001,0.0003,0.0014},{0.0016,0.0022,0.0013,0.0013,0.0003,0.0102,0.0034,0.0010,0.0011,0.0007,0.0013,0.0027,0.0007,0.0005,0.0006,0.0016,0.0012,0.0002,0.0005,0.0009},{0.0027,0.0021,0.0018,0.0047,0.0003,0.0034,0.0223,0.0016,0.0011,0.0009,0.0014,0.0033,0.0005,0.0006,0.0012,0.0025,0.0018,0.0002,0.0006,0.0014},{0.0051,0.0014,0.0024,0.0022,0.0006,0.0010,0.0016,0.0496,0.0007,0.0009,0.0015,0.0019,0.0005,0.0008,0.0010,0.0033,0.0017,0.0003,0.0006,0.0013},{0.0009,0.0011,0.0012,0.0008,0.0001,0.0011,0.0011,0.0007,0.0107,0.0004,0.0007,0.0009,0.0002,0.0006,0.0004,0.0009,0.0006,0.0002,0.0015,0.0005},{0.0025,0.0010,0.0007,0.0007,0.0011,0.0007,0.0009,0.0009,0.0004,0.0231,0.0108,0.0011,0.0025,0.0026,0.0007,0.0014,0.0023,0.0003,0.0012,0.0123},{0.0035,0.0017,0.0010,0.0010,0.0013,0.0013,0.0014,0.0015,0.0007,0.0108,0.0457,0.0018,0.0050,0.0051,0.0011,0.0020,0.0027,0.0006,0.0019,0.0085},{0.0027,0.0058,0.0021,0.0019,0.0004,0.0027,0.0033,0.0019,0.0009,0.0011,0.0018,0.0200,0.0007,0.0007,0.0012,0.0024,0.0020,0.0002,0.0007,0.0014},{0.0011,0.0006,0.0004,0.0003,0.0003,0.0007,0.0005,0.0005,0.0002,0.0025,0.0050,0.0007,0.0060,0.0010,0.0003,0.0007,0.0009,0.0002,0.0005,0.0021},{0.0013,0.0006,0.0005,0.0005,0.0006,0.0005,0.0006,0.0008,0.0006,0.0026,0.0051,0.0007,0.0010,0.0224,0.0004,0.0010,0.0010,0.0007,0.0046,0.0021},{0.0021,0.0008,0.0006,0.0009,0.0003,0.0006,0.0012,0.0010,0.0004,0.0007,0.0011,0.0012,0.0003,0.0004,0.0231,0.0014,0.0010,0.0001,0.0003,0.0010},{0.0062,0.0019,0.0028,0.0023,0.0010,0.0016,0.0025,0.0033,0.0009,0.0014,0.0020,0.0024,0.0007,0.0010,0.0014,0.0185,0.0049,0.0002,0.0009,0.0020},{0.0036,0.0014,0.0019,0.0015,0.0009,0.0012,0.0018,0.0017,0.0006,0.0023,0.0027,0.0020,0.0009,0.0010,0.0010,0.0049,0.0174,0.0002,0.0008,0.0032},{0.0003,0.0002,0.0001,0.0001,0.0001,0.0002,0.0002,0.0003,0.0002,0.0003,0.0006,0.0002,0.0002,0.0007,0.0001,0.0002,0.0002,0.0094,0.0010,0.0003},{0.0010,0.0007,0.0006,0.0004,0.0003,0.0005,0.0006,0.0006,0.0015,0.0012,0.0019,0.0007,0.0005,0.0046,0.0003,0.0009,0.0008,0.0010,0.0160,0.0011},{0.0044,0.0012,0.0008,0.0009,0.0014,0.0009,0.0014,0.0013,0.0005,0.0123,0.0085,0.0014,0.0021,0.0021,0.0010,0.0020,0.0032,0.0003,0.0011,0.0262}};
